.kevin <- list(list(x = -3.13770693925741, y = 127.671656175269, width = 29.5465931390322, 
                    height = 22.8476215344146, backgroundColor = "#ced4da", strokeColor = "#000000", 
                    points = structure(c(-11.3613680033033, -38.974, -36.1595293116725, 
                                         -22.2098152347042, -20.4201732060786, -32.7655150052072, 
                                         -38.567681827626, -36.6644690875242, -20.8713387024479, -9.42740686096782, 
                                         -11.3613680033033, -9.40077846558541, -13.6249287835077, 
                                         -17.7401844142568, -17.1872799648746, -22.473242043803, -25.0073638205204, 
                                         -28.5048174524723, -31.4912383072081, -30.6661325643192, 
                                         -32.2484, -9.40077846558541), .Dim = c(11L, 2L))), list(x = -13.1736250541276, 
                                                                                                 y = 92.9186321275653, width = 114.980532803426, height = 115.371264228124, 
                                                                                                 backgroundColor = "#d8f0f9", strokeColor = "#000000", points = structure(c(0, 
                                                                                                                                                                            0.259802744218933, 18.2044710994181, 45.317902077362, 73.9217095285509, 
                                                                                                                                                                            95.900936670849, 111.191181896813, 114.980532803426, 94.0343527877859, 
                                                                                                                                                                            67.7232850708945, 42.8464106867612, 37.9150471174635, 36.4434455902829, 
                                                                                                                                                                            34.2451473771318, 22.9125190838295, 12.7959405046734, 3.45671554143488, 
                                                                                                                                                                            0, -5.79912511161579, 51.5037814981453, 83.6049008835799, 
                                                                                                                                                                            95.4779642281235, 95.0238230799251, 84.1126037647015, 67.8270030019142, 
                                                                                                                                                                            46.5736932082029, 54.9524202703298, 57.6633807843176, 47.7497133203627, 
                                                                                                                                                                            31.6864362585188, 8.26926079424984, -12.2066245346908, -19.193242482785, 
                                                                                                                                                                            -19.8933, -11.8794445311994, -5.79912511161579), .Dim = c(18L, 
                                                                                                                                                                                                                                      2L))), list(x = -0.922236921407922, y = 104.340355561088, 
                                                                                                                                                                                                                                                  width = 2.6036245015821, height = 2.83090762224049, backgroundColor = "#000000", 
                                                                                                                                                                                                                                                  strokeColor = "#000000", points = structure(c(0, 0.694318760116046, 
                                                                                                                                                                                                                                                                                                2.25646512152408, 2.6036245015821, 2.08288543149507, 1.90930574146605, 
                                                                                                                                                                                                                                                                                                0.347159380058023, 0, -13.9437624009454, -11.9838923777595, 
                                                                                                                                                                                                                                                                                                -11.9838923777595, -13.7259675758687, -14.1614863753959, 
                                                                                                                                                                                                                                                                                                -14.8148, -14.5970760255495, -13.9437624009454), .Dim = c(8L, 
                                                                                                                                                                                                                                                                                                                                                          2L))), list(x = 41.5272272185987, y = 186.799338247282, width = 1.44623763778049, 
                                                                                                                                                                                                                                                                                                                                                                      height = 29.6485446386043, backgroundColor = "#ced4da", strokeColor = "#000000", 
                                                                                                                                                                                                                                                                                                                                                                      points = structure(c(-18.5537623622195, -18.5537623622195, 
                                                                                                                                                                                                                                                                                                                                                                                           -20, 0, 26.7559985141903, 29.6485446386043), .Dim = 3:2)), 
               list(x = 45.6012521364405, y = 189.312382864256, width = 0L, 
                    height = 26.0328442708735, backgroundColor = "#ced4da", 
                    strokeColor = "#000000", points = structure(c(0, 0, 0, 
                                                                  26.0328442708735),